Long	Lat	Source	Species	stat	Bio1	Bio2	Bio3	Bio4	Bio5	Bio6	Bio7	Bio8	Bio9	Bio10	Bio11	Bio12	Bio13	Bio14	Bio15	Bio16	Bio17	Bio18	Bio19
65.033	63.927	BER	PO	pt_nonhy	-35	93	19	13321	219	-262	481	138	-184	138	-207	529	72	21	40	206	70	206	79
90.049	61.758	BOR	PO	pt_nonhy	-40	110	20	14955	244	-301	545	131	-130	152	-235	585	71	24	33	204	80	196	103
34.42	53.26	BRI	PA	pt_nonhy	53	83	23	9783	239	-116	355	176	-67	176	-71	571	78	26	33	214	88	214	97
27.5615	53.9045	BY_1	PA	pt_nonhy	61	79	24	8805	226	-98	324	170	-47	170	-55	662	87	33	29	239	113	239	123
30.16667	55.18333	BY_2	PA	pt_nonhy	54	81	24	9071	225	-111	336	167	-56	167	-65	649	89	29	31	235	104	235	118
25.83	53.92	BY_3	PA	pt_nonhy	64	82	26	8375	226	-89	315	168	-38	168	-46	649	82	30	28	231	108	231	119
28.18	55.58	BY_4	PA	pt_nonhy	56	79	24	8807	224	-102	326	166	-51	166	-60	628	83	29	31	227	99	227	111
12.80528	50.10833	CZE	PA	pt_nonhy	57	76	29	6673	198	-62	260	142	8	142	-29	741	92	44	24	256	141	256	157
8.186	48.2775	DE_1	PA	pt_nonhy	97	88	32	6491	243	-24	267	179	25	179	12	840	99	53	21	270	165	270	172
12.23	47	DE_2	PA	pt_nonhy	-19	64	29	5522	95	-124	219	50	-87	50	-87	1371	158	82	21	452	267	452	267
60.35	56.5	EKA	PO	pt_nonhy	19	92	21	11667	236	-188	424	164	-114	164	-136	547	94	19	49	238	65	238	74
92.2	58.453	ENI	PO	pt_nonhy	-15	109	21	13991	248	-263	511	162	-102	162	-200	468	65	16	36	173	60	173	80
24.29	62.4	FI_1	PA	pt_nonhy	26	88	25	8558	207	-133	340	122	-41	138	-83	593	80	29	32	215	93	206	113
29.22	61.57	FI_2	PA	pt_nonhy	32	74	21	9112	212	-126	338	135	-39	152	-84	665	84	34	29	227	109	211	135
26.686	66.436	FIPA17	PA	pt_nonhy	-1	89	23	9743	193	-179	372	110	-75	128	-125	526	68	27	32	189	84	188	99
12.262	47.463	GERH	PA	pt_nonhy	59	100	33	6905	213	-85	298	145	-19	145	-33	1038	147	51	38	415	160	415	166
12.262	47	GERL	PA	pt_nonhy	-28	60	28	5423	83	-130	213	41	-93	41	-93	1435	160	88	19	459	289	459	289
49.88	67.27	Indigo	PO	pt_hy	-24	83	21	9924	183	-211	394	52	-102	107	-149	445	60	23	33	165	71	148	82
13.595	42.27	ITAH	PA	pt_nonhy	108	92	32	6469	264	-16	280	75	192	192	27	868	104	47	23	293	165	165	219
13.595	41.807	ITAL	PA	pt_nonhy	115	93	34	6228	268	-5	273	84	196	196	38	898	118	39	30	323	145	145	255
65.608	64.696	KAZM	PO	pt_nonhy	-42	91	18	13323	213	-268	481	132	-192	132	-212	513	71	21	41	201	69	201	77
69.253	61.05	KM	PO	pt_nonhy	-14	88	18	13311	232	-248	480	156	-165	156	-189	544	79	20	43	218	68	218	79
92.762	55.985	KRA	PO	pt_nonhy	9	103	22	12305	244	-204	448	166	-126	166	-152	491	81	14	52	215	47	215	57
25.2797	54.6872	LT	PA	pt_nonhy	64	81	25	8365	226	-87	313	168	-38	168	-45	656	81	33	26	224	112	224	126
66.087	62.452	OKT	PO	pt_nonhy	-23	92	19	13147	226	-251	477	147	-169	147	-194	592	87	21	40	229	79	229	91
58.5	54.2	PAH	PO	pt_hy	-11	112	23	12755	229	-241	470	145	-163	145	-179	549	92	24	42	225	78	225	87
58.52	55.34	PAL	PO	pt_hy	11	106	23	12406	243	-213	456	163	-136	163	-154	567	92	23	41	227	79	227	90
23.1688	53.1325	PL_1	PA	pt_nonhy	68	84	27	7889	227	-77	304	166	-27	166	-36	573	76	28	31	210	93	210	101
22.58	50.34	PL_2	PA	pt_nonhy	77	84	26	8070	234	-79	313	174	-21	174	-34	587	85	26	42	238	82	238	88
23.46	52.42	PL_3	PA	pt_nonhy	71	83	26	8094	234	-74	308	171	-28	171	-36	567	77	29	33	215	89	215	100
23.03	54.03	PL_4	PA	pt_nonhy	63	80	26	7947	219	-80	299	161	-34	161	-42	586	78	24	34	219	88	219	97
65.909	65.907	PUT	PO	pt_nonhy	-51	88	18	13258	205	-275	480	123	-202	123	-218	468	68	19	41	186	63	186	70
33.15	68.97	R1	PA	pt_hy	1	60	19	8281	169	-141	310	112	-64	112	-102	483	64	20	37	180	64	180	90
34.23	63.4	R2	PO	pt_hy	10	74	21	9351	191	-161	352	119	-102	132	-110	536	83	21	40	206	72	197	80
43.14	64.45	R20	PO	pt_hy	4	86	22	9606	204	-177	381	129	-110	129	-120	557	71	25	30	194	86	194	95
46.54	61.15	R22	PO	pt_hy	13	92	21	10789	229	-191	420	151	-113	151	-131	551	73	23	33	199	79	199	96
37.57	59.7	R24	PA	pt_hy	23	87	22	10059	222	-161	383	151	-97	151	-109	591	81	23	37	222	76	222	92
42.2	58.24	R27	PA	pt_hy	31	80	20	10444	228	-157	385	163	-91	163	-106	632	81	29	29	215	99	215	118
36.58	56.1	R29	PA	pt_nonhy	43	79	22	9756	228	-128	356	166	-73	166	-83	649	88	29	33	242	96	242	113
53.1	56.5	R35	PO	pt_hy	28	90	21	11634	248	-179	427	174	-47	174	-124	550	69	26	29	188	87	188	107
57.06	60.39	R38	PO	pt_hy	6	91	20	11713	234	-205	439	156	-65	156	-148	692	88	30	30	232	103	232	135
30.52	59.3	R5	PA	pt_nonhy	43	74	22	9069	220	-112	332	144	-67	161	-72	634	80	28	32	228	98	222	111
25.38	58.24	R8	PA	pt_nonhy	52	67	21	8360	211	-94	305	61	-17	159	-54	631	73	28	30	212	97	181	128
25.57	47.58	RO_1	PA	pt_nonhy	52	91	30	7498	202	-97	299	130	-38	145	-47	749	118	35	48	324	108	314	110
23.04556	46.3625	RO_2	PA	pt_nonhy	87	97	32	7371	242	-59	301	162	1	177	-13	664	101	34	39	266	105	255	115
18.29	64.75	SEPA15	PA	pt_nonhy	4	94	25	9547	195	-181	376	129	-62	129	-119	570	83	29	33	212	93	212	112
58.42	57.14	SHA	PO	pt_nonhy	10	98	22	11857	235	-203	438	157	-128	157	-147	621	93	24	39	239	86	239	101
19.14917	48.7325	SK	PA	pt_nonhy	82	106	32	7611	248	-76	324	174	-5	174	-22	725	94	42	25	244	128	244	140
12.923	61.6	SWE_1	PA	pt_nonhy	19	77	25	7956	181	-123	304	122	-73	122	-83	642	91	28	38	247	93	247	107
12.923	62.063	SWE_2	PA	pt_nonhy	5	76	25	7921	167	-137	304	108	-55	108	-97	671	96	30	37	257	100	257	117
68.375	58.174	TOB	PO	pt_nonhy	-4	93	19	12988	229	-239	468	158	-153	158	-176	486	74	16	47	206	55	206	65
64.37	57.03	TUG	PO	pt_nonhy	13	89	20	12510	239	-206	445	168	-131	168	-153	461	82	15	51	203	54	203	63
87.976	65.79	TYR	PO	pt_nonhy	-61	98	18	14900	222	-313	535	46	-160	136	-247	540	67	23	33	197	83	175	98
49.4	58.36	VYA	PO	pt_hy	26	71	17	11135	228	-168	396	145	-43	167	-119	635	88	27	34	225	91	221	112
90.222	60.244	YAR	PO	pt_nonhy	-23	110	20	14502	251	-278	529	162	-111	162	-214	539	69	21	34	188	72	188	92
